              precision    recall  f1-score   support

           0       0.75      0.50      0.60         6
           1       1.00      0.83      0.91         6
           2       0.86      1.00      0.92         6
           3       0.88      1.00      0.93         7
           4       1.00      0.60      0.75         5
           5       0.62      0.83      0.71         6
           6       1.00      1.00      1.00         6
           7       1.00      1.00      1.00         6
           8       0.83      1.00      0.91         5

    accuracy                           0.87        53
   macro avg       0.88      0.86      0.86        53
weighted avg       0.88      0.87      0.86        53
